       0.00000          0.00000
       0.05010          0.00000
       0.10020          0.00000
       0.15030          0.00000
       0.20040          0.00000
       0.25050          0.00000
       0.30060          0.00000
       0.35070          0.00000
       0.40080          0.00000
       0.45090          0.00000
       0.50100          0.00000
       0.55110          0.00000
       0.60120          0.00000
       0.65130          0.00000
       0.70140          0.00000
       0.75150          0.00000
       0.80160          0.00000
       0.85160          0.00000
       0.90170          0.00000
       0.95180          0.00000
       1.00190          0.00000
       1.05200          0.00000
       1.10210          0.00000
       1.15220          0.00000
       1.20230          0.00000
       1.25240          0.00000
       1.30250          0.00000
       1.35260          0.00000
       1.40270          0.00000
       1.45280          0.00000
       1.50290          0.00000
       1.55300          0.00000
       1.60310          0.00000
       1.65320          0.00000
       1.70330          0.00000
       1.75340          0.00000
       1.80350          0.00000
       1.85360          0.00000
       1.90370          0.00000
       1.95380          0.00000
       2.00390          0.00000
       2.05400          0.00000
       2.10410          0.00000
       2.15420          0.00000
       2.20430          0.00000
       2.25440          0.00000
       2.30450          0.00000
       2.35460          0.00000
       2.40470          0.00000
       2.45470          0.00000
       2.50480          0.00000
       2.55490          0.00000
       2.60500          0.00000
       2.65510          0.00000
       2.70520          0.00000
       2.75530          0.00000
       2.80540          0.00000
       2.85550          0.00000
       2.90560          0.00000
       2.95570          0.00000
       3.00580          0.00000
       3.05590          0.00000
       3.10600          0.00000
       3.15610          0.00000
       3.20620          0.00000
       3.25630          0.00000
       3.30640          0.00000
       3.35650          0.00000
       3.40660          0.00000
       3.45670          0.00000
       3.50680          0.00000
       3.55690          0.00000
       3.60700          0.00000
       3.65710          0.00000
       3.70720          0.00000
       3.75730          0.00000
       3.80740          0.00000
       3.85750          0.00000
       3.90760          0.00000
       3.95770          0.00000
       4.00780          0.00000
       4.05780          0.00000
       4.10790          0.00000
       4.15800          0.00000
       4.20810          0.00000
       4.25820          0.00000
       4.30830          0.00000
       4.35840          0.00000
       4.40850          0.00000
       4.45860          0.00000
       4.50870          0.00000
       4.55880          0.00000
       4.60890          0.00000
       4.65900          0.00000
       4.70910          0.00000
       4.75920          0.00000
       4.80930          0.00000
       4.85940          0.00000
       4.90950          0.00000
       4.95960          0.00000
       5.00970          0.00000
       5.05980          0.00000
       5.10990          0.00000
       5.16000          0.00000
       5.21010          0.00000
       5.26020          0.00000
       5.31030          0.00000
       5.36040          0.00000
       5.41050          0.00000
       5.46060          0.00000
       5.51070          0.00000
       5.56080          0.00000
       5.61090          0.00000
       5.66090          0.00000
       5.71100          0.00000
       5.76110          0.00000
       5.81120          0.00000
       5.86130          0.00000
       5.91140          0.00000
       5.96150          0.00000
       6.01160          0.00000
       6.06170          0.00000
       6.11180          0.00000
       6.16190          0.00000
       6.21200          0.00000
       6.26210          0.00000
       6.31220          0.00000
       6.36230          0.00000
       6.41240          0.00000
       6.46250          0.00000
       6.51260          0.00000
       6.56270          0.00000
       6.61280          0.00000
       6.66290          0.00000
       6.71300          0.00000
       6.76310          0.00000
       6.81320          0.00000
       6.86330          0.00000
       6.91340          0.00000
       6.96350          0.00000
       7.01360          0.00000
       7.06370          0.00000
       7.11380          0.00000
       7.16390          0.00000
       7.21400          0.00000
       7.26410          0.00000
       7.31410          0.00000
       7.36420          0.00000
       7.41430          0.00000
       7.46440          0.00000
       7.51450          0.00000
       7.56460          0.00000
       7.61470          0.00000
       7.66480          0.00000
       7.71490          0.00000
       7.76500          0.00000
       7.81510          0.00000
       7.86520          0.00000
       7.91530          0.00000
       7.96540          0.00000
       8.01550          0.00000
       8.06560          0.00000
       8.11570          0.00000
       8.16580          0.00000
       8.21590          0.00000
       8.26600          0.00000
       8.31610          0.00000
       8.36620          0.00000
       8.41630          0.00000
       8.46640          0.00000
       8.51650          0.00000
       8.56660          0.00000
       8.61670          0.00000
       8.66680          0.00000
       8.71690          0.00000
       8.76700          0.00000
       8.81710          0.00000
       8.86720          0.00000
       8.91720          0.00000
       8.96730          0.00000
       9.01740          0.00000
       9.06750          0.00000
       9.11760          0.00000
       9.16770          0.00000
       9.21780          0.00000
       9.26790          0.00000
       9.31800          0.00000
       9.36810          0.00000
       9.41820          0.00000
       9.46830          0.00000
       9.51840          0.00000
       9.56850          0.00000
       9.61860          0.00000
       9.66870          0.00000
       9.71880          0.00000
       9.76890          0.00000
       9.81900          0.00000
       9.86910          0.00000
       9.91920          0.00000
       9.96930          0.00000
      10.01940          0.00000
      10.06950          0.00000
      10.11960          0.00000
      10.16970          0.00000
      10.21980          0.00000
      10.26990          0.00000
      10.32000          0.00000
      10.37010          0.00000
      10.42020          0.00000
      10.47030          0.00000
      10.52030          0.00000
      10.57040          0.00000
      10.62050          0.00000
      10.67060          0.00000
      10.72070          0.00000
      10.77080          0.00000
      10.82090          0.00000
      10.87100          0.00000
      10.92110          0.00000
      10.97120          0.00000
      11.02130          0.00000
      11.07140          0.00000
      11.12150          0.00000
      11.17160          0.00000
      11.22170          0.00000
      11.27180          0.00000
      11.32190          0.00000
      11.37200          0.00000
      11.42210          0.00000
      11.47220          0.00000
      11.52230          0.00000
      11.57240          0.00000
      11.62250          0.00000
      11.67260          0.00000
      11.72270          0.00000
      11.77280          0.00000
      11.82290          0.00000
      11.87300          0.00000
      11.92310          0.00000
      11.97320          0.00000
      12.02330          0.00000
      12.07340          0.00000
      12.12350          0.00000
      12.17350          0.00000
      12.22360          0.00000
      12.27370          0.00000
      12.32380          0.00000
      12.37390          0.00000
      12.42400          0.00000
      12.47410          0.00000
      12.52420          0.00000
      12.57430          0.00000
      12.62440          0.00000
      12.67450          0.00000
      12.72460          0.00000
      12.77470          0.00000
      12.82480          0.00000
      12.87490          0.00000
      12.92500          0.00000
      12.97510          0.00000
      13.02520          0.00000
      13.07530          0.00000
      13.12540          0.00000
      13.17550          0.00000
      13.22560          0.00000
      13.27570          0.00000
      13.32580          0.00000
      13.37590          0.00000
      13.42600          0.00000
      13.47610          0.00000
      13.52620          0.00000
      13.57630          0.00000
      13.62640          0.00000
      13.67650          0.00000
      13.72660          0.00000
      13.77660          0.00000
      13.82670          0.00000
      13.87680          0.00000
      13.92690          0.00000
      13.97700          0.00000
      14.02710          0.00000
      14.07720          0.00000
      14.12730          0.00000
      14.17740          0.00000
      14.22750          0.00000
      14.27760          0.00000
      14.32770          0.00000
      14.37780          0.00000
      14.42790          0.00000
      14.47800          0.00000
      14.52810          0.00000
      14.57820          0.00000
      14.62830          0.00000
      14.67840          0.00000
      14.72850          0.00000
      14.77860          0.00000
      14.82870          0.00000
      14.87880          0.00000
      14.92890          0.00000
      14.97900          0.00000
      15.02910          0.00000
      15.07920          0.00000
      15.12930          0.00000
      15.17940          0.00000
      15.22950          0.00000
      15.27960          0.00000
      15.32970          0.00000
      15.37970          0.00000
      15.42980          0.00000
      15.47990          0.00000
      15.53000          0.00000
      15.58010          0.00000
      15.63020          0.00000
      15.68030          0.00000
      15.73040          0.00000
      15.78050          0.00000
      15.83060          0.00000
      15.88070          0.00000
      15.93080          0.00000
      15.98090          0.00000
      16.03100          0.00000
      16.08110          0.00000
      16.13120          0.00000
      16.18130          0.00000
      16.23140          0.00000
      16.28150          0.00000
      16.33160          0.00000
      16.38170          0.00000
      16.43180          0.00000
      16.48190          0.00000
      16.53200          0.00000
      16.58210          0.00000
      16.63220          0.00000
      16.68230          0.00000
      16.73240          0.00000
      16.78250          0.00000
      16.83260          0.00000
      16.88270          0.00000
      16.93280          0.00000
      16.98280          0.00000
      17.03290          0.00000
      17.08300          0.00000
      17.13310          0.00000
      17.18320          0.00000
      17.23330          0.00000
      17.28340          0.00000
      17.33350          0.00000
      17.38360          0.00000
      17.43370          0.00000
      17.48380          0.00000
      17.53390          0.00000
      17.58400          0.00000
      17.63410          0.00000
      17.68420          0.00000
      17.73430          0.00000
      17.78440          0.00000
      17.83450          0.00000
      17.88460          0.00000
      17.93470          0.00000
      17.98480          0.00000
      18.03490          0.00000
      18.08500          0.00000
      18.13510          0.00000
      18.18520          0.00000
      18.23530          0.00000
      18.28540          0.00000
      18.33550          0.00000
      18.38560          0.00000
      18.43570          0.00000
      18.48580          0.00000
      18.53590          0.00000
      18.58600          0.00000
      18.63600          0.00000
      18.68610          0.00000
      18.73620          0.00000
      18.78630          0.00000
      18.83640          0.00000
      18.88650          0.00000
      18.93660          0.00000
      18.98670          0.00000
      19.03680          0.00000
      19.08690          0.00000
      19.13700          0.00000
      19.18710          0.00000
      19.23720          0.00000
      19.28730          0.00000
      19.33740          0.00000
      19.38750          0.00000
      19.43760          0.00000
      19.48770          0.00000
      19.53780          0.00000
      19.58790          0.00000
      19.63800          0.00000
      19.68810          0.00000
      19.73820          0.00000
      19.78830          0.00000
      19.83840          0.00000
      19.88850          0.00000
      19.93860          0.00000
      19.98870          0.00000
      20.03880          0.00000
      20.08890          0.00000
      20.13900          0.00000
      20.18910          0.00000
      20.23910          0.00000
      20.28920          0.00000
      20.33930          0.00000
      20.38940          0.00000
      20.43950          0.00000
      20.48960          0.00000
      20.53970          0.00000
      20.58980          0.00000
      20.63990          0.00000
      20.69000          0.00000
      20.74010          0.00000
      20.79020          0.00000
      20.84030          0.00000
      20.89040          0.00000
      20.94050          0.00000
      20.99060          0.00000
      21.04070          0.00000
      21.09080          0.00000
      21.14090          0.00000
      21.19100          0.00000
      21.24110          0.00000
      21.29120          0.00000
      21.34130          0.00000
      21.39140          0.00000
      21.44150          0.00000
      21.49160          0.00000
      21.54170          0.00000
      21.59180          0.00000
      21.64190          0.00000
      21.69200          0.00000
      21.74210          0.00000
      21.79220          0.00000
      21.84220          0.00000
      21.89230          0.00000
      21.94240          0.00000
      21.99250          0.00000
      22.04260          0.00000
      22.09270          0.00000
      22.14280          0.00000
      22.19290          0.00000
      22.24300          0.00000
      22.29310          0.00000
      22.34320          0.00000
      22.39330          0.00000
      22.44340          0.00000
      22.49350          0.00000
      22.54360          0.00000
      22.59370          0.00000
      22.64380          0.00000
      22.69390          0.00000
      22.74400          0.00000
      22.79410          0.00000
      22.84420          0.00000
      22.89430          0.00000
      22.94440          0.00000
      22.99450          0.00000
      23.04460          0.00000
      23.09470          0.00000
      23.14480          0.00000
      23.19490          0.00000
      23.24500          0.00000
      23.29510          0.00000
      23.34520          0.00000
      23.39530          0.00000
      23.44530          0.00000
      23.49540          0.00000
      23.54550          0.00000
      23.59560          0.00000
      23.64570          0.00000
      23.69580          0.00000
      23.74590          0.00000
      23.79600          0.00000
      23.84610          0.00000
      23.89620          0.00000
      23.94630          0.00000
      23.99640          0.00000
      24.04650          0.00000
      24.09660          0.00000
      24.14670          0.00000
      24.19680          0.00000
      24.24690          0.00000
      24.29700          0.00000
      24.34710          0.00000
      24.39720          0.00000
      24.44730          0.00000
      24.49740          0.00000
      24.54750          0.00000
      24.59760          0.00000
      24.64770          0.00000
      24.69780          0.00000
      24.74790          0.00000
      24.79800          0.00000
      24.84810          0.00000
      24.89820          0.00000
      24.94830          0.00000
      24.99840          0.00000
      25.04850          0.00000
      25.09850          0.00000
      25.14860          0.00000
      25.19870          0.00000
      25.24880          0.00000
      25.29890          0.00000
      25.34900          0.00000
      25.39910          0.00000
      25.44920          0.00000
      25.49930          0.00000
      25.54940          0.00000
      25.59950          0.00000
      25.64960          0.00000
      25.69970          0.00000
      25.74980          0.00000
      25.79990          0.00000
      25.85000          0.00000
       0.00000     -99999.00000	: end of interface 0
       0.00000          0.27000
       0.05010          0.27000
       0.10020          0.27000
       0.15030          0.27000
       0.20040          0.27000
       0.25050          0.27000
       0.30060          0.27000
       0.35070          0.27000
       0.40080          0.27000
       0.45090          0.27000
       0.50100          0.27000
       0.55110          0.27000
       0.60120          0.27000
       0.65130          0.27000
       0.70140          0.27000
       0.75150          0.27000
       0.80160          0.27000
       0.85160          0.27000
       0.90170          0.27000
       0.95180          0.27000
       1.00190          0.27000
       1.05200          0.27000
       1.10210          0.27000
       1.15220          0.27000
       1.20230          0.27000
       1.25240          0.27000
       1.30250          0.27000
       1.35260          0.27000
       1.40270          0.27000
       1.45280          0.27000
       1.50290          0.27000
       1.55300          0.27000
       1.60310          0.27000
       1.65320          0.27000
       1.70330          0.27000
       1.75340          0.27000
       1.80350          0.27000
       1.85360          0.27000
       1.90370          0.27000
       1.95380          0.27000
       2.00390          0.27000
       2.05400          0.27000
       2.10410          0.27000
       2.15420          0.27000
       2.20430          0.27000
       2.25440          0.27000
       2.30450          0.27000
       2.35460          0.27000
       2.40470          0.27000
       2.45470          0.27000
       2.50480          0.27000
       2.55490          0.27000
       2.60500          0.27000
       2.65510          0.27000
       2.70520          0.27000
       2.75530          0.27000
       2.80540          0.27000
       2.85550          0.27000
       2.90560          0.27000
       2.95570          0.27000
       3.00580          0.27000
       3.05590          0.27000
       3.10600          0.27000
       3.15610          0.27000
       3.20620          0.27000
       3.25630          0.27000
       3.30640          0.27000
       3.35650          0.27000
       3.40660          0.27000
       3.45670          0.27000
       3.50680          0.27000
       3.55690          0.27000
       3.60700          0.27000
       3.65710          0.27000
       3.70720          0.27000
       3.75730          0.27000
       3.80740          0.27000
       3.85750          0.27000
       3.90760          0.27000
       3.95770          0.27000
       4.00780          0.27000
       4.05780          0.27000
       4.10790          0.27000
       4.15800          0.27000
       4.20810          0.27000
       4.25820          0.27000
       4.30830          0.27000
       4.35840          0.27000
       4.40850          0.27000
       4.45860          0.27000
       4.50870          0.27000
       4.55880          0.27000
       4.60890          0.27000
       4.65900          0.27000
       4.70910          0.27000
       4.75920          0.27000
       4.80930          0.27000
       4.85940          0.27000
       4.90950          0.27000
       4.95960          0.27000
       5.00970          0.27000
       5.05980          0.27000
       5.10990          0.27000
       5.16000          0.27000
       5.21010          0.27000
       5.26020          0.27000
       5.31030          0.27000
       5.36040          0.27000
       5.41050          0.27000
       5.46060          0.27000
       5.51070          0.27000
       5.56080          0.27000
       5.61090          0.27000
       5.66090          0.27000
       5.71100          0.27000
       5.76110          0.27000
       5.81120          0.27000
       5.86130          0.27000
       5.91140          0.27000
       5.96150          0.27000
       6.01160          0.27000
       6.06170          0.27000
       6.11180          0.27000
       6.16190          0.27000
       6.21200          0.27000
       6.26210          0.27000
       6.31220          0.27000
       6.36230          0.27000
       6.41240          0.27000
       6.46250          0.27000
       6.51260          0.27000
       6.56270          0.27000
       6.61280          0.27000
       6.66290          0.27000
       6.71300          0.27000
       6.76310          0.27000
       6.81320          0.27000
       6.86330          0.27000
       6.91340          0.27000
       6.96350          0.27000
       7.01360          0.27000
       7.06370          0.27000
       7.11380          0.27000
       7.16390          0.27000
       7.21400          0.27000
       7.26410          0.27000
       7.31410          0.27000
       7.36420          0.27000
       7.41430          0.27000
       7.46440          0.27000
       7.51450          0.27000
       7.56460          0.27000
       7.61470          0.27000
       7.66480          0.27000
       7.71490          0.27000
       7.76500          0.27000
       7.81510          0.27000
       7.86520          0.27000
       7.91530          0.27000
       7.96540          0.27000
       8.01550          0.27000
       8.06560          0.27000
       8.11570          0.27000
       8.16580          0.27000
       8.21590          0.27000
       8.26600          0.27000
       8.31610          0.27000
       8.36620          0.27000
       8.41630          0.27000
       8.46640          0.27000
       8.51650          0.27000
       8.56660          0.27000
       8.61670          0.27000
       8.66680          0.27000
       8.71690          0.27000
       8.76700          0.27000
       8.81710          0.27000
       8.86720          0.27000
       8.91720          0.27000
       8.96730          0.27000
       9.01740          0.27000
       9.06750          0.27000
       9.11760          0.27000
       9.16770          0.27000
       9.21780          0.27000
       9.26790          0.27000
       9.31800          0.27000
       9.36810          0.27000
       9.41820          0.27000
       9.46830          0.27000
       9.51840          0.27000
       9.56850          0.27000
       9.61860          0.27000
       9.66870          0.27000
       9.71880          0.27000
       9.76890          0.27000
       9.81900          0.27000
       9.86910          0.27000
       9.91920          0.27000
       9.96930          0.27000
      10.01940          0.27000
      10.06950          0.27000
      10.11960          0.27000
      10.16970          0.27000
      10.21980          0.27000
      10.26990          0.27000
      10.32000          0.27000
      10.37010          0.27000
      10.42020          0.27000
      10.47030          0.27000
      10.52030          0.27000
      10.57040          0.27000
      10.62050          0.27000
      10.67060          0.27000
      10.72070          0.27000
      10.77080          0.27000
      10.82090          0.27000
      10.87100          0.27000
      10.92110          0.27000
      10.97120          0.27000
      11.02130          0.27000
      11.07140          0.27000
      11.12150          0.27000
      11.17160          0.27000
      11.22170          0.27000
      11.27180          0.27000
      11.32190          0.27000
      11.37200          0.27000
      11.42210          0.27000
      11.47220          0.27000
      11.52230          0.27000
      11.57240          0.27000
      11.62250          0.27000
      11.67260          0.27000
      11.72270          0.27000
      11.77280          0.27000
      11.82290          0.27000
      11.87300          0.27000
      11.92310          0.27000
      11.97320          0.27000
      12.02330          0.27000
      12.07340          0.27000
      12.12350          0.27000
      12.17350          0.27000
      12.22360          0.27000
      12.27370          0.27000
      12.32380          0.27000
      12.37390          0.27000
      12.42400          0.27000
      12.47410          0.27000
      12.52420          0.27000
      12.57430          0.27000
      12.62440          0.27000
      12.67450          0.27000
      12.72460          0.27000
      12.77470          0.27000
      12.82480          0.27000
      12.87490          0.27000
      12.92500          0.27000
      12.97510          0.27000
      13.02520          0.27000
      13.07530          0.27000
      13.12540          0.27000
      13.17550          0.27000
      13.22560          0.27000
      13.27570          0.27000
      13.32580          0.27000
      13.37590          0.27000
      13.42600          0.27000
      13.47610          0.27000
      13.52620          0.27000
      13.57630          0.27000
      13.62640          0.27000
      13.67650          0.27000
      13.72660          0.27000
      13.77660          0.27000
      13.82670          0.27000
      13.87680          0.27000
      13.92690          0.27000
      13.97700          0.27000
      14.02710          0.27000
      14.07720          0.27000
      14.12730          0.27000
      14.17740          0.27000
      14.22750          0.27000
      14.27760          0.27000
      14.32770          0.27000
      14.37780          0.27000
      14.42790          0.27000
      14.47800          0.27000
      14.52810          0.27000
      14.57820          0.27000
      14.62830          0.27000
      14.67840          0.27000
      14.72850          0.27000
      14.77860          0.27000
      14.82870          0.27000
      14.87880          0.27000
      14.92890          0.27000
      14.97900          0.27000
      15.02910          0.27000
      15.07920          0.27000
      15.12930          0.27000
      15.17940          0.27000
      15.22950          0.27000
      15.27960          0.27000
      15.32970          0.27000
      15.37970          0.27000
      15.42980          0.27000
      15.47990          0.27000
      15.53000          0.27000
      15.58010          0.27000
      15.63020          0.27000
      15.68030          0.27000
      15.73040          0.27000
      15.78050          0.27000
      15.83060          0.27000
      15.88070          0.27000
      15.93080          0.27000
      15.98090          0.27000
      16.03100          0.27000
      16.08110          0.27000
      16.13120          0.27000
      16.18130          0.27000
      16.23140          0.27000
      16.28150          0.27000
      16.33160          0.27000
      16.38170          0.27000
      16.43180          0.27000
      16.48190          0.27000
      16.53200          0.27000
      16.58210          0.27000
      16.63220          0.27000
      16.68230          0.27000
      16.73240          0.27000
      16.78250          0.27000
      16.83260          0.27000
      16.88270          0.27000
      16.93280          0.27000
      16.98280          0.27000
      17.03290          0.27000
      17.08300          0.27000
      17.13310          0.27000
      17.18320          0.27000
      17.23330          0.27000
      17.28340          0.27000
      17.33350          0.27000
      17.38360          0.27000
      17.43370          0.27000
      17.48380          0.27000
      17.53390          0.27000
      17.58400          0.27000
      17.63410          0.27000
      17.68420          0.27000
      17.73430          0.27000
      17.78440          0.27000
      17.83450          0.27000
      17.88460          0.27000
      17.93470          0.27000
      17.98480          0.27000
      18.03490          0.27000
      18.08500          0.27000
      18.13510          0.27000
      18.18520          0.27000
      18.23530          0.27000
      18.28540          0.27000
      18.33550          0.27000
      18.38560          0.27000
      18.43570          0.27000
      18.48580          0.27000
      18.53590          0.27000
      18.58600          0.27000
      18.63600          0.27000
      18.68610          0.27000
      18.73620          0.27000
      18.78630          0.27000
      18.83640          0.27000
      18.88650          0.27000
      18.93660          0.27000
      18.98670          0.27000
      19.03680          0.27000
      19.08690          0.27000
      19.13700          0.27000
      19.18710          0.27000
      19.23720          0.27000
      19.28730          0.27000
      19.33740          0.27000
      19.38750          0.27000
      19.43760          0.27000
      19.48770          0.27000
      19.53780          0.27000
      19.58790          0.27000
      19.63800          0.27000
      19.68810          0.27000
      19.73820          0.27000
      19.78830          0.27000
      19.83840          0.27000
      19.88850          0.27000
      19.93860          0.27000
      19.98870          0.27000
      20.03880          0.27000
      20.08890          0.27000
      20.13900          0.27000
      20.18910          0.27000
      20.23910          0.27000
      20.28920          0.27000
      20.33930          0.27000
      20.38940          0.27000
      20.43950          0.27000
      20.48960          0.27000
      20.53970          0.27000
      20.58980          0.27000
      20.63990          0.27000
      20.69000          0.27000
      20.74010          0.27000
      20.79020          0.27000
      20.84030          0.27000
      20.89040          0.27000
      20.94050          0.27000
      20.99060          0.27000
      21.04070          0.27000
      21.09080          0.27000
      21.14090          0.27000
      21.19100          0.27000
      21.24110          0.27000
      21.29120          0.27000
      21.34130          0.27000
      21.39140          0.27000
      21.44150          0.27000
      21.49160          0.27000
      21.54170          0.27000
      21.59180          0.27000
      21.64190          0.27000
      21.69200          0.27000
      21.74210          0.27000
      21.79220          0.27000
      21.84220          0.27000
      21.89230          0.27000
      21.94240          0.27000
      21.99250          0.27000
      22.04260          0.27000
      22.09270          0.27000
      22.14280          0.27000
      22.19290          0.27000
      22.24300          0.27000
      22.29310          0.27000
      22.34320          0.27000
      22.39330          0.27000
      22.44340          0.27000
      22.49350          0.27000
      22.54360          0.27000
      22.59370          0.27000
      22.64380          0.27000
      22.69390          0.27000
      22.74400          0.27000
      22.79410          0.27000
      22.84420          0.27000
      22.89430          0.27000
      22.94440          0.27000
      22.99450          0.27000
      23.04460          0.27000
      23.09470          0.27000
      23.14480          0.27000
      23.19490          0.27000
      23.24500          0.27000
      23.29510          0.27000
      23.34520          0.27000
      23.39530          0.27000
      23.44530          0.27000
      23.49540          0.27000
      23.54550          0.27000
      23.59560          0.27000
      23.64570          0.27000
      23.69580          0.27000
      23.74590          0.27000
      23.79600          0.27000
      23.84610          0.27000
      23.89620          0.27000
      23.94630          0.27000
      23.99640          0.27000
      24.04650          0.27000
      24.09660          0.27000
      24.14670          0.27000
      24.19680          0.27000
      24.24690          0.27000
      24.29700          0.27000
      24.34710          0.27000
      24.39720          0.27000
      24.44730          0.27000
      24.49740          0.27000
      24.54750          0.27000
      24.59760          0.27000
      24.64770          0.27000
      24.69780          0.27000
      24.74790          0.27000
      24.79800          0.27000
      24.84810          0.27000
      24.89820          0.27000
      24.94830          0.27000
      24.99840          0.27000
      25.04850          0.27000
      25.09850          0.27000
      25.14860          0.27000
      25.19870          0.27000
      25.24880          0.27000
      25.29890          0.27000
      25.34900          0.27000
      25.39910          0.27000
      25.44920          0.27000
      25.49930          0.27000
      25.54940          0.27000
      25.59950          0.27000
      25.64960          0.27000
      25.69970          0.27000
      25.74980          0.27000
      25.79990          0.27000
      25.85000          0.27000
       0.00000     -99999.00000	: end of interface 1
       0.00000          0.30000
       0.05010          0.30000
       0.10020          0.30000
       0.15030          0.30000
       0.20040          0.30000
       0.25050          0.30000
       0.30060          0.30000
       0.35070          0.30000
       0.40080          0.30000
       0.45090          0.30000
       0.50100          0.30000
       0.55110          0.30000
       0.60120          0.30000
       0.65130          0.30000
       0.70140          0.30000
       0.75150          0.30000
       0.80160          0.30000
       0.85160          0.30000
       0.90170          0.30000
       0.95180          0.30000
       1.00190          0.30000
       1.05200          0.30000
       1.10210          0.30000
       1.15220          0.30000
       1.20230          0.30000
       1.25240          0.30000
       1.30250          0.30000
       1.35260          0.30000
       1.40270          0.30000
       1.45280          0.30000
       1.50290          0.30000
       1.55300          0.30000
       1.60310          0.30000
       1.65320          0.30000
       1.70330          0.30000
       1.75340          0.30000
       1.80350          0.30000
       1.85360          0.30000
       1.90370          0.30000
       1.95380          0.30000
       2.00390          0.30000
       2.05400          0.30000
       2.10410          0.30000
       2.15420          0.30000
       2.20430          0.30000
       2.25440          0.30000
       2.30450          0.30000
       2.35460          0.30000
       2.40470          0.30000
       2.45470          0.30000
       2.50480          0.30000
       2.55490          0.30000
       2.60500          0.30000
       2.65510          0.30000
       2.70520          0.30000
       2.75530          0.30000
       2.80540          0.30000
       2.85550          0.30000
       2.90560          0.30000
       2.95570          0.30000
       3.00580          0.30000
       3.05590          0.30000
       3.10600          0.30000
       3.15610          0.30000
       3.20620          0.30000
       3.25630          0.30000
       3.30640          0.30000
       3.35650          0.30000
       3.40660          0.30000
       3.45670          0.30000
       3.50680          0.30000
       3.55690          0.30000
       3.60700          0.30000
       3.65710          0.30000
       3.70720          0.30000
       3.75730          0.30000
       3.80740          0.30000
       3.85750          0.30000
       3.90760          0.30000
       3.95770          0.30000
       4.00780          0.30000
       4.05780          0.30000
       4.10790          0.30000
       4.15800          0.30000
       4.20810          0.30000
       4.25820          0.30000
       4.30830          0.30000
       4.35840          0.30000
       4.40850          0.30000
       4.45860          0.30000
       4.50870          0.30000
       4.55880          0.30000
       4.60890          0.30000
       4.65900          0.30000
       4.70910          0.30000
       4.75920          0.30000
       4.80930          0.30000
       4.85940          0.30000
       4.90950          0.30000
       4.95960          0.30000
       5.00970          0.30000
       5.05980          0.30000
       5.10990          0.30000
       5.16000          0.30000
       5.21010          0.30000
       5.26020          0.30000
       5.31030          0.30000
       5.36040          0.30000
       5.41050          0.30000
       5.46060          0.30000
       5.51070          0.30000
       5.56080          0.30000
       5.61090          0.30000
       5.66090          0.30000
       5.71100          0.30000
       5.76110          0.30000
       5.81120          0.30000
       5.86130          0.30000
       5.91140          0.30000
       5.96150          0.30000
       6.01160          0.30000
       6.06170          0.30000
       6.11180          0.30000
       6.16190          0.30000
       6.21200          0.30000
       6.26210          0.30000
       6.31220          0.30000
       6.36230          0.30000
       6.41240          0.30000
       6.46250          0.30000
       6.51260          0.30000
       6.56270          0.30000
       6.61280          0.30000
       6.66290          0.30000
       6.71300          0.30000
       6.76310          0.30000
       6.81320          0.30000
       6.86330          0.30000
       6.91340          0.30000
       6.96350          0.30000
       7.01360          0.30000
       7.06370          0.30000
       7.11380          0.30000
       7.16390          0.30000
       7.21400          0.30000
       7.26410          0.30000
       7.31410          0.30000
       7.36420          0.30000
       7.41430          0.30000
       7.46440          0.30000
       7.51450          0.30000
       7.56460          0.30000
       7.61470          0.30000
       7.66480          0.30000
       7.71490          0.30000
       7.76500          0.30000
       7.81510          0.30000
       7.86520          0.30000
       7.91530          0.30000
       7.96540          0.30000
       8.01550          0.30000
       8.06560          0.30000
       8.11570          0.30000
       8.16580          0.30000
       8.21590          0.30000
       8.26600          0.30000
       8.31610          0.30000
       8.36620          0.30000
       8.41630          0.30000
       8.46640          0.30000
       8.51650          0.30000
       8.56660          0.30000
       8.61670          0.30000
       8.66680          0.30000
       8.71690          0.30000
       8.76700          0.30000
       8.81710          0.30000
       8.86720          0.30000
       8.91720          0.30000
       8.96730          0.30000
       9.01740          0.30000
       9.06750          0.30000
       9.11760          0.30000
       9.16770          0.30000
       9.21780          0.30000
       9.26790          0.30000
       9.31800          0.30000
       9.36810          0.30000
       9.41820          0.30000
       9.46830          0.30000
       9.51840          0.30000
       9.56850          0.30000
       9.61860          0.30000
       9.66870          0.30000
       9.71880          0.30000
       9.76890          0.30000
       9.81900          0.30000
       9.86910          0.30000
       9.91920          0.30000
       9.96930          0.30000
      10.01940          0.30000
      10.06950          0.30000
      10.11960          0.30000
      10.16970          0.30000
      10.21980          0.30000
      10.26990          0.30000
      10.32000          0.30000
      10.37010          0.30000
      10.42020          0.30000
      10.47030          0.30000
      10.52030          0.30000
      10.57040          0.30000
      10.62050          0.30000
      10.67060          0.30000
      10.72070          0.30000
      10.77080          0.30000
      10.82090          0.30000
      10.87100          0.30000
      10.92110          0.30000
      10.97120          0.30000
      11.02130          0.30000
      11.07140          0.30000
      11.12150          0.30000
      11.17160          0.30000
      11.22170          0.30000
      11.27180          0.30000
      11.32190          0.30000
      11.37200          0.30000
      11.42210          0.30000
      11.47220          0.30000
      11.52230          0.30000
      11.57240          0.30000
      11.62250          0.30000
      11.67260          0.30000
      11.72270          0.30000
      11.77280          0.30000
      11.82290          0.30000
      11.87300          0.30000
      11.92310          0.30000
      11.97320          0.30000
      12.02330          0.30000
      12.07340          0.30000
      12.12350          0.30000
      12.17350          0.30000
      12.22360          0.30000
      12.27370          0.30000
      12.32380          0.30000
      12.37390          0.30000
      12.42400          0.30000
      12.47410          0.30000
      12.52420          0.30000
      12.57430          0.30000
      12.62440          0.30000
      12.67450          0.30000
      12.72460          0.30000
      12.77470          0.30000
      12.82480          0.30000
      12.87490          0.30000
      12.92500          0.30000
      12.97510          0.30000
      13.02520          0.30000
      13.07530          0.30000
      13.12540          0.30000
      13.17550          0.30000
      13.22560          0.30000
      13.27570          0.30000
      13.32580          0.30000
      13.37590          0.30000
      13.42600          0.30000
      13.47610          0.30000
      13.52620          0.30000
      13.57630          0.30000
      13.62640          0.30000
      13.67650          0.30000
      13.72660          0.30000
      13.77660          0.30000
      13.82670          0.30000
      13.87680          0.30000
      13.92690          0.30000
      13.97700          0.30000
      14.02710          0.30000
      14.07720          0.30000
      14.12730          0.30000
      14.17740          0.30000
      14.22750          0.30000
      14.27760          0.30000
      14.32770          0.30000
      14.37780          0.30000
      14.42790          0.30000
      14.47800          0.30000
      14.52810          0.30000
      14.57820          0.30000
      14.62830          0.30000
      14.67840          0.30000
      14.72850          0.30000
      14.77860          0.30000
      14.82870          0.30000
      14.87880          0.30000
      14.92890          0.30000
      14.97900          0.30000
      15.02910          0.30000
      15.07920          0.30000
      15.12930          0.30000
      15.17940          0.30000
      15.22950          0.30000
      15.27960          0.30000
      15.32970          0.30000
      15.37970          0.30000
      15.42980          0.30000
      15.47990          0.30000
      15.53000          0.30000
      15.58010          0.30000
      15.63020          0.30000
      15.68030          0.30000
      15.73040          0.30000
      15.78050          0.30000
      15.83060          0.30000
      15.88070          0.30000
      15.93080          0.30000
      15.98090          0.30000
      16.03100          0.30000
      16.08110          0.30000
      16.13120          0.30000
      16.18130          0.30000
      16.23140          0.30000
      16.28150          0.30000
      16.33160          0.30000
      16.38170          0.30000
      16.43180          0.30000
      16.48190          0.30000
      16.53200          0.30000
      16.58210          0.30000
      16.63220          0.30000
      16.68230          0.30000
      16.73240          0.30000
      16.78250          0.30000
      16.83260          0.30000
      16.88270          0.30000
      16.93280          0.30000
      16.98280          0.30000
      17.03290          0.30000
      17.08300          0.30000
      17.13310          0.30000
      17.18320          0.30000
      17.23330          0.30000
      17.28340          0.30000
      17.33350          0.30000
      17.38360          0.30000
      17.43370          0.30000
      17.48380          0.30000
      17.53390          0.30000
      17.58400          0.30000
      17.63410          0.30000
      17.68420          0.30000
      17.73430          0.30000
      17.78440          0.30000
      17.83450          0.30000
      17.88460          0.30000
      17.93470          0.30000
      17.98480          0.30000
      18.03490          0.30000
      18.08500          0.30000
      18.13510          0.30000
      18.18520          0.30000
      18.23530          0.30000
      18.28540          0.30000
      18.33550          0.30000
      18.38560          0.30000
      18.43570          0.30000
      18.48580          0.30000
      18.53590          0.30000
      18.58600          0.30000
      18.63600          0.30000
      18.68610          0.30000
      18.73620          0.30000
      18.78630          0.30000
      18.83640          0.30000
      18.88650          0.30000
      18.93660          0.30000
      18.98670          0.30000
      19.03680          0.30000
      19.08690          0.30000
      19.13700          0.30000
      19.18710          0.30000
      19.23720          0.30000
      19.28730          0.30000
      19.33740          0.30000
      19.38750          0.30000
      19.43760          0.30000
      19.48770          0.30000
      19.53780          0.30000
      19.58790          0.30000
      19.63800          0.30000
      19.68810          0.30000
      19.73820          0.30000
      19.78830          0.30000
      19.83840          0.30000
      19.88850          0.30000
      19.93860          0.30000
      19.98870          0.30000
      20.03880          0.30000
      20.08890          0.30000
      20.13900          0.30000
      20.18910          0.30000
      20.23910          0.30000
      20.28920          0.30000
      20.33930          0.30000
      20.38940          0.30000
      20.43950          0.30000
      20.48960          0.30000
      20.53970          0.30000
      20.58980          0.30000
      20.63990          0.30000
      20.69000          0.30000
      20.74010          0.30000
      20.79020          0.30000
      20.84030          0.30000
      20.89040          0.30000
      20.94050          0.30000
      20.99060          0.30000
      21.04070          0.30000
      21.09080          0.30000
      21.14090          0.30000
      21.19100          0.30000
      21.24110          0.30000
      21.29120          0.30000
      21.34130          0.30000
      21.39140          0.30000
      21.44150          0.30000
      21.49160          0.30000
      21.54170          0.30000
      21.59180          0.30000
      21.64190          0.30000
      21.69200          0.30000
      21.74210          0.30000
      21.79220          0.30000
      21.84220          0.30000
      21.89230          0.30000
      21.94240          0.30000
      21.99250          0.30000
      22.04260          0.30000
      22.09270          0.30000
      22.14280          0.30000
      22.19290          0.30000
      22.24300          0.30000
      22.29310          0.30000
      22.34320          0.30000
      22.39330          0.30000
      22.44340          0.30000
      22.49350          0.30000
      22.54360          0.30000
      22.59370          0.30000
      22.64380          0.30000
      22.69390          0.30000
      22.74400          0.30000
      22.79410          0.30000
      22.84420          0.30000
      22.89430          0.30000
      22.94440          0.30000
      22.99450          0.30000
      23.04460          0.30000
      23.09470          0.30000
      23.14480          0.30000
      23.19490          0.30000
      23.24500          0.30000
      23.29510          0.30000
      23.34520          0.30000
      23.39530          0.30000
      23.44530          0.30000
      23.49540          0.30000
      23.54550          0.30000
      23.59560          0.30000
      23.64570          0.30000
      23.69580          0.30000
      23.74590          0.30000
      23.79600          0.30000
      23.84610          0.30000
      23.89620          0.30000
      23.94630          0.30000
      23.99640          0.30000
      24.04650          0.30000
      24.09660          0.30000
      24.14670          0.30000
      24.19680          0.30000
      24.24690          0.30000
      24.29700          0.30000
      24.34710          0.30000
      24.39720          0.30000
      24.44730          0.30000
      24.49740          0.30000
      24.54750          0.30000
      24.59760          0.30000
      24.64770          0.30000
      24.69780          0.30000
      24.74790          0.30000
      24.79800          0.30000
      24.84810          0.30000
      24.89820          0.30000
      24.94830          0.30000
      24.99840          0.30000
      25.04850          0.30000
      25.09850          0.30000
      25.14860          0.30000
      25.19870          0.30000
      25.24880          0.30000
      25.29890          0.30000
      25.34900          0.30000
      25.39910          0.30000
      25.44920          0.30000
      25.49930          0.30000
      25.54940          0.30000
      25.59950          0.30000
      25.64960          0.30000
      25.69970          0.30000
      25.74980          0.30000
      25.79990          0.30000
      25.85000          0.30000
       0.00000     -99999.00000	: end of interface 2
       0.00000          0.90000
       0.05010          0.90230
       0.10020          0.90450
       0.15030          0.90680
       0.20040          0.90910
       0.25050          0.91130
       0.30060          0.91350
       0.35070          0.91570
       0.40080          0.91790
       0.45090          0.92010
       0.50100          0.92220
       0.55110          0.92430
       0.60120          0.92640
       0.65130          0.92840
       0.70140          0.93040
       0.75150          0.93230
       0.80160          0.93420
       0.85160          0.93600
       0.90170          0.93780
       0.95180          0.93950
       1.00190          0.94110
       1.05200          0.94270
       1.10210          0.94430
       1.15220          0.94570
       1.20230          0.94710
       1.25240          0.94840
       1.30250          0.94960
       1.35260          0.95070
       1.40270          0.95180
       1.45280          0.95270
       1.50290          0.95360
       1.55300          0.95430
       1.60310          0.95500
       1.65320          0.95560
       1.70330          0.95600
       1.75340          0.95630
       1.80350          0.95660
       1.85360          0.95670
       1.90370          0.95660
       1.95380          0.95650
       2.00390          0.95620
       2.05400          0.95580
       2.10410          0.95530
       2.15420          0.95470
       2.20430          0.95380
       2.25440          0.95290
       2.30450          0.95180
       2.35460          0.95060
       2.40470          0.94920
       2.45470          0.94760
       2.50480          0.94590
       2.55490          0.94410
       2.60500          0.94210
       2.65510          0.94000
       2.70520          0.93780
       2.75530          0.93540
       2.80540          0.93300
       2.85550          0.93040
       2.90560          0.92780
       2.95570          0.92500
       3.00580          0.92220
       3.05590          0.91930
       3.10600          0.91620
       3.15610          0.91320
       3.20620          0.91000
       3.25630          0.90680
       3.30640          0.90350
       3.35650          0.90020
       3.40660          0.89690
       3.45670          0.89350
       3.50680          0.89000
       3.55690          0.88660
       3.60700          0.88310
       3.65710          0.87960
       3.70720          0.87610
       3.75730          0.87250
       3.80740          0.86900
       3.85750          0.86550
       3.90760          0.86200
       3.95770          0.85850
       4.00780          0.85500
       4.05780          0.85160
       4.10790          0.84820
       4.15800          0.84480
       4.20810          0.84150
       4.25820          0.83820
       4.30830          0.83500
       4.35840          0.83180
       4.40850          0.82870
       4.45860          0.82570
       4.50870          0.82270
       4.55880          0.81990
       4.60890          0.81710
       4.65900          0.81440
       4.70910          0.81180
       4.75920          0.80930
       4.80930          0.80700
       4.85940          0.80470
       4.90950          0.80260
       4.95960          0.80060
       5.00970          0.79870
       5.05980          0.79700
       5.10990          0.79540
       5.16000          0.79390
       5.21010          0.79250
       5.26020          0.79130
       5.31030          0.79010
       5.36040          0.78910
       5.41050          0.78820
       5.46060          0.78740
       5.51070          0.78670
       5.56080          0.78610
       5.61090          0.78560
       5.66090          0.78510
       5.71100          0.78480
       5.76110          0.78450
       5.81120          0.78430
       5.86130          0.78420
       5.91140          0.78420
       5.96150          0.78420
       6.01160          0.78430
       6.06170          0.78450
       6.11180          0.78470
       6.16190          0.78500
       6.21200          0.78530
       6.26210          0.78560
       6.31220          0.78610
       6.36230          0.78650
       6.41240          0.78700
       6.46250          0.78750
       6.51260          0.78800
       6.56270          0.78860
       6.61280          0.78920
       6.66290          0.78980
       6.71300          0.79040
       6.76310          0.79110
       6.81320          0.79170
       6.86330          0.79240
       6.91340          0.79300
       6.96350          0.79360
       7.01360          0.79430
       7.06370          0.79490
       7.11380          0.79550
       7.16390          0.79610
       7.21400          0.79670
       7.26410          0.79720
       7.31410          0.79780
       7.36420          0.79820
       7.41430          0.79870
       7.46440          0.79910
       7.51450          0.79950
       7.56460          0.79980
       7.61470          0.80010
       7.66480          0.80030
       7.71490          0.80050
       7.76500          0.80060
       7.81510          0.80060
       7.86520          0.80060
       7.91530          0.80060
       7.96540          0.80040
       8.01550          0.80020
       8.06560          0.80000
       8.11570          0.79960
       8.16580          0.79920
       8.21590          0.79880
       8.26600          0.79820
       8.31610          0.79760
       8.36620          0.79690
       8.41630          0.79610
       8.46640          0.79530
       8.51650          0.79430
       8.56660          0.79330
       8.61670          0.79220
       8.66680          0.79100
       8.71690          0.78970
       8.76700          0.78830
       8.81710          0.78680
       8.86720          0.78520
       8.91720          0.78360
       8.96730          0.78180
       9.01740          0.78000
       9.06750          0.77800
       9.11760          0.77590
       9.16770          0.77370
       9.21780          0.77140
       9.26790          0.76910
       9.31800          0.76650
       9.36810          0.76390
       9.41820          0.76120
       9.46830          0.75840
       9.51840          0.75540
       9.56850          0.75230
       9.61860          0.74910
       9.66870          0.74580
       9.71880          0.74230
       9.76890          0.73870
       9.81900          0.73500
       9.86910          0.73120
       9.91920          0.72720
       9.96930          0.72310
      10.01940          0.71890
      10.06950          0.71450
      10.11960          0.71000
      10.16970          0.70530
      10.21980          0.70050
      10.26990          0.69560
      10.32000          0.69050
      10.37010          0.68530
      10.42020          0.68000
      10.47030          0.67450
      10.52030          0.66900
      10.57040          0.66340
      10.62050          0.65780
      10.67060          0.65210
      10.72070          0.64630
      10.77080          0.64050
      10.82090          0.63460
      10.87100          0.62880
      10.92110          0.62290
      10.97120          0.61700
      11.02130          0.61120
      11.07140          0.60530
      11.12150          0.59950
      11.17160          0.59380
      11.22170          0.58810
      11.27180          0.58250
      11.32190          0.57690
      11.37200          0.57150
      11.42210          0.56610
      11.47220          0.56080
      11.52230          0.55570
      11.57240          0.55070
      11.62250          0.54580
      11.67260          0.54110
      11.72270          0.53660
      11.77280          0.53220
      11.82290          0.52800
      11.87300          0.52400
      11.92310          0.52020
      11.97320          0.51660
      12.02330          0.51330
      12.07340          0.51020
      12.12350          0.50730
      12.17350          0.50470
      12.22360          0.50230
      12.27370          0.50030
      12.32380          0.49850
      12.37390          0.49700
      12.42400          0.49580
      12.47410          0.49500
      12.52420          0.49450
      12.57430          0.49430
      12.62440          0.49450
      12.67450          0.49510
      12.72460          0.49600
      12.77470          0.49730
      12.82480          0.49900
      12.87490          0.50110
      12.92500          0.50360
      12.97510          0.50650
      13.02520          0.50980
      13.07530          0.51340
      13.12540          0.51740
      13.17550          0.52170
      13.22560          0.52630
      13.27570          0.53120
      13.32580          0.53640
      13.37590          0.54180
      13.42600          0.54750
      13.47610          0.55340
      13.52620          0.55950
      13.57630          0.56590
      13.62640          0.57240
      13.67650          0.57910
      13.72660          0.58590
      13.77660          0.59290
      13.82670          0.60000
      13.87680          0.60720
      13.92690          0.61450
      13.97700          0.62190
      14.02710          0.62930
      14.07720          0.63680
      14.12730          0.64430
      14.17740          0.65180
      14.22750          0.65930
      14.27760          0.66680
      14.32770          0.67430
      14.37780          0.68170
      14.42790          0.68900
      14.47800          0.69630
      14.52810          0.70340
      14.57820          0.71050
      14.62830          0.71740
      14.67840          0.72420
      14.72850          0.73080
      14.77860          0.73720
      14.82870          0.74350
      14.87880          0.74950
      14.92890          0.75540
      14.97900          0.76090
      15.02910          0.76630
      15.07920          0.77130
      15.12930          0.77610
      15.17940          0.78060
      15.22950          0.78470
      15.27960          0.78850
      15.32970          0.79200
      15.37970          0.79510
      15.42980          0.79790
      15.47990          0.80020
      15.53000          0.80210
      15.58010          0.80370
      15.63020          0.80490
      15.68030          0.80570
      15.73040          0.80610
      15.78050          0.80620
      15.83060          0.80600
      15.88070          0.80550
      15.93080          0.80470
      15.98090          0.80360
      16.03100          0.80230
      16.08110          0.80070
      16.13120          0.79890
      16.18130          0.79680
      16.23140          0.79460
      16.28150          0.79210
      16.33160          0.78950
      16.38170          0.78670
      16.43180          0.78380
      16.48190          0.78080
      16.53200          0.77760
      16.58210          0.77430
      16.63220          0.77100
      16.68230          0.76750
      16.73240          0.76400
      16.78250          0.76050
      16.83260          0.75690
      16.88270          0.75330
      16.93280          0.74980
      16.98280          0.74620
      17.03290          0.74260
      17.08300          0.73910
      17.13310          0.73570
      17.18320          0.73230
      17.23330          0.72900
      17.28340          0.72580
      17.33350          0.72270
      17.38360          0.71980
      17.43370          0.71700
      17.48380          0.71430
      17.53390          0.71180
      17.58400          0.70950
      17.63410          0.70750
      17.68420          0.70560
      17.73430          0.70390
      17.78440          0.70250
      17.83450          0.70140
      17.88460          0.70050
      17.93470          0.70000
      17.98480          0.69970
      18.03490          0.69970
      18.08500          0.70010
      18.13510          0.70080
      18.18520          0.70190
      18.23530          0.70320
      18.28540          0.70490
      18.33550          0.70680
      18.38560          0.70910
      18.43570          0.71160
      18.48580          0.71430
      18.53590          0.71730
      18.58600          0.72050
      18.63600          0.72400
      18.68610          0.72760
      18.73620          0.73150
      18.78630          0.73550
      18.83640          0.73970
      18.88650          0.74400
      18.93660          0.74850
      18.98670          0.75310
      19.03680          0.75790
      19.08690          0.76270
      19.13700          0.76760
      19.18710          0.77270
      19.23720          0.77780
      19.28730          0.78290
      19.33740          0.78810
      19.38750          0.79330
      19.43760          0.79850
      19.48770          0.80380
      19.53780          0.80900
      19.58790          0.81430
      19.63800          0.81940
      19.68810          0.82460
      19.73820          0.82970
      19.78830          0.83470
      19.83840          0.83970
      19.88850          0.84450
      19.93860          0.84930
      19.98870          0.85390
      20.03880          0.85840
      20.08890          0.86280
      20.13900          0.86700
      20.18910          0.87110
      20.23910          0.87490
      20.28920          0.87860
      20.33930          0.88210
      20.38940          0.88540
      20.43950          0.88840
      20.48960          0.89120
      20.53970          0.89370
      20.58980          0.89600
      20.63990          0.89800
      20.69000          0.89970
      20.74010          0.90110
      20.79020          0.90220
      20.84030          0.90300
      20.89040          0.90360
      20.94050          0.90380
      20.99060          0.90380
      21.04070          0.90350
      21.09080          0.90290
      21.14090          0.90210
      21.19100          0.90100
      21.24110          0.89970
      21.29120          0.89810
      21.34130          0.89630
      21.39140          0.89430
      21.44150          0.89200
      21.49160          0.88950
      21.54170          0.88680
      21.59180          0.88390
      21.64190          0.88080
      21.69200          0.87750
      21.74210          0.87410
      21.79220          0.87040
      21.84220          0.86650
      21.89230          0.86250
      21.94240          0.85830
      21.99250          0.85400
      22.04260          0.84950
      22.09270          0.84490
      22.14280          0.84010
      22.19290          0.83510
      22.24300          0.83010
      22.29310          0.82490
      22.34320          0.81960
      22.39330          0.81420
      22.44340          0.80870
      22.49350          0.80300
      22.54360          0.79730
      22.59370          0.79150
      22.64380          0.78560
      22.69390          0.77960
      22.74400          0.77360
      22.79410          0.76750
      22.84420          0.76130
      22.89430          0.75510
      22.94440          0.74880
      22.99450          0.74240
      23.04460          0.73610
      23.09470          0.72970
      23.14480          0.72320
      23.19490          0.71680
      23.24500          0.71030
      23.29510          0.70390
      23.34520          0.69740
      23.39530          0.69090
      23.44530          0.68450
      23.49540          0.67800
      23.54550          0.67160
      23.59560          0.66520
      23.64570          0.65880
      23.69580          0.65250
      23.74590          0.64620
      23.79600          0.63990
      23.84610          0.63370
      23.89620          0.62760
      23.94630          0.62150
      23.99640          0.61550
      24.04650          0.60960
      24.09660          0.60380
      24.14670          0.59810
      24.19680          0.59240
      24.24690          0.58690
      24.29700          0.58140
      24.34710          0.57610
      24.39720          0.57090
      24.44730          0.56580
      24.49740          0.56090
      24.54750          0.55610
      24.59760          0.55140
      24.64770          0.54690
      24.69780          0.54250
      24.74790          0.53830
      24.79800          0.53420
      24.84810          0.53030
      24.89820          0.52660
      24.94830          0.52310
      24.99840          0.51980
      25.04850          0.51670
      25.09850          0.51370
      25.14860          0.51100
      25.19870          0.50850
      25.24880          0.50620
      25.29890          0.50410
      25.34900          0.50220
      25.39910          0.50060
      25.44920          0.49920
      25.49930          0.49810
      25.54940          0.49720
      25.59950          0.49660
      25.64960          0.49630
      25.69970          0.49620
      25.74980          0.49640
      25.79990          0.49680
      25.85000          0.49760
       0.00000     -99999.00000	: end of interface 3
       0.00000          1.90000
       0.05010          1.90390
       0.10020          1.90780
       0.15030          1.91180
       0.20040          1.91570
       0.25050          1.91950
       0.30060          1.92340
       0.35070          1.92720
       0.40080          1.93100
       0.45090          1.93480
       0.50100          1.93850
       0.55110          1.94210
       0.60120          1.94570
       0.65130          1.94930
       0.70140          1.95280
       0.75150          1.95620
       0.80160          1.95950
       0.85160          1.96280
       0.90170          1.96600
       0.95180          1.96910
       1.00190          1.97210
       1.05200          1.97500
       1.10210          1.97780
       1.15220          1.98050
       1.20230          1.98310
       1.25240          1.98550
       1.30250          1.98790
       1.35260          1.99010
       1.40270          1.99220
       1.45280          1.99420
       1.50290          1.99600
       1.55300          1.99760
       1.60310          1.99920
       1.65320          2.00050
       1.70330          2.00170
       1.75340          2.00280
       1.80350          2.00360
       1.85360          2.00430
       1.90370          2.00480
       1.95380          2.00520
       2.00390          2.00530
       2.05400          2.00530
       2.10410          2.00500
       2.15420          2.00460
       2.20430          2.00390
       2.25440          2.00300
       2.30450          2.00190
       2.35460          2.00060
       2.40470          1.99910
       2.45470          1.99730
       2.50480          1.99530
       2.55490          1.99310
       2.60500          1.99070
       2.65510          1.98810
       2.70520          1.98530
       2.75530          1.98240
       2.80540          1.97930
       2.85550          1.97600
       2.90560          1.97250
       2.95570          1.96900
       3.00580          1.96530
       3.05590          1.96140
       3.10600          1.95750
       3.15610          1.95340
       3.20620          1.94920
       3.25630          1.94490
       3.30640          1.94060
       3.35650          1.93610
       3.40660          1.93160
       3.45670          1.92700
       3.50680          1.92240
       3.55690          1.91770
       3.60700          1.91300
       3.65710          1.90830
       3.70720          1.90350
       3.75730          1.89870
       3.80740          1.89400
       3.85750          1.88920
       3.90760          1.88440
       3.95770          1.87960
       4.00780          1.87490
       4.05780          1.87020
       4.10790          1.86560
       4.15800          1.86100
       4.20810          1.85640
       4.25820          1.85190
       4.30830          1.84750
       4.35840          1.84320
       4.40850          1.83900
       4.45860          1.83490
       4.50870          1.83080
       4.55880          1.82690
       4.60890          1.82310
       4.65900          1.81950
       4.70910          1.81600
       4.75920          1.81260
       4.80930          1.80940
       4.85940          1.80640
       4.90950          1.80350
       4.95960          1.80080
       5.00970          1.79830
       5.05980          1.79600
       5.10990          1.79380
       5.16000          1.79190
       5.21010          1.79010
       5.26020          1.78850
       5.31030          1.78700
       5.36040          1.78570
       5.41050          1.78450
       5.46060          1.78350
       5.51070          1.78260
       5.56080          1.78190
       5.61090          1.78130
       5.66090          1.78080
       5.71100          1.78040
       5.76110          1.78020
       5.81120          1.78000
       5.86130          1.78000
       5.91140          1.78000
       5.96150          1.78010
       6.01160          1.78040
       6.06170          1.78060
       6.11180          1.78100
       6.16190          1.78150
       6.21200          1.78200
       6.26210          1.78250
       6.31220          1.78310
       6.36230          1.78380
       6.41240          1.78450
       6.46250          1.78520
       6.51260          1.78600
       6.56270          1.78680
       6.61280          1.78760
       6.66290          1.78850
       6.71300          1.78930
       6.76310          1.79020
       6.81320          1.79100
       6.86330          1.79180
       6.91340          1.79270
       6.96350          1.79350
       7.01360          1.79430
       7.06370          1.79500
       7.11380          1.79580
       7.16390          1.79640
       7.21400          1.79710
       7.26410          1.79770
       7.31410          1.79820
       7.36420          1.79870
       7.41430          1.79910
       7.46440          1.79950
       7.51450          1.79970
       7.56460          1.79990
       7.61470          1.80000
       7.66480          1.80000
       7.71490          1.79990
       7.76500          1.79970
       7.81510          1.79940
       7.86520          1.79900
       7.91530          1.79840
       7.96540          1.79770
       8.01550          1.79680
       8.06560          1.79580
       8.11570          1.79470
       8.16580          1.79330
       8.21590          1.79180
       8.26600          1.79010
       8.31610          1.78820
       8.36620          1.78610
       8.41630          1.78390
       8.46640          1.78140
       8.51650          1.77860
       8.56660          1.77570
       8.61670          1.77250
       8.66680          1.76910
       8.71690          1.76540
       8.76700          1.76150
       8.81710          1.75730
       8.86720          1.75280
       8.91720          1.74800
       8.96730          1.74300
       9.01740          1.73770
       9.06750          1.73200
       9.11760          1.72610
       9.16770          1.71980
       9.21780          1.71320
       9.26790          1.70630
       9.31800          1.69900
       9.36810          1.69140
       9.41820          1.68340
       9.46830          1.67510
       9.51840          1.66640
       9.56850          1.65730
       9.61860          1.64790
       9.66870          1.63800
       9.71880          1.62780
       9.76890          1.61710
       9.81900          1.60600
       9.86910          1.59450
       9.91920          1.58260
       9.96930          1.57020
      10.01940          1.55740
      10.06950          1.54410
      10.11960          1.53040
      10.16970          1.51620
      10.21980          1.50160
      10.26990          1.48640
      10.32000          1.47080
      10.37010          1.45480
      10.42020          1.43840
      10.47030          1.42170
      10.52030          1.40460
      10.57040          1.38730
      10.62050          1.36970
      10.67060          1.35200
      10.72070          1.33400
      10.77080          1.31600
      10.82090          1.29780
      10.87100          1.27960
      10.92110          1.26130
      10.97120          1.24310
      11.02130          1.22490
      11.07140          1.20670
      11.12150          1.18870
      11.17160          1.17080
      11.22170          1.15320
      11.27180          1.13570
      11.32190          1.11850
      11.37200          1.10160
      11.42210          1.08500
      11.47220          1.06870
      11.52230          1.05290
      11.57240          1.03750
      11.62250          1.02260
      11.67260          1.00810
      11.72270          0.99420
      11.77280          0.98090
      11.82290          0.96820
      11.87300          0.95610
      11.92310          0.94470
      11.97320          0.93410
      12.02330          0.92410
      12.07340          0.91500
      12.12350          0.90670
      12.17350          0.89920
      12.22360          0.89260
      12.27370          0.88700
      12.32380          0.88230
      12.37390          0.87860
      12.42400          0.87590
      12.47410          0.87430
      12.52420          0.87380
      12.57430          0.87450
      12.62440          0.87630
      12.67450          0.87930
      12.72460          0.88360
      12.77470          0.88920
      12.82480          0.89600
      12.87490          0.90430
      12.92500          0.91380
      12.97510          0.92470
      13.02520          0.93680
      13.07530          0.95010
      13.12540          0.96460
      13.17550          0.98020
      13.22560          0.99680
      13.27570          1.01450
      13.32580          1.03320
      13.37590          1.05270
      13.42600          1.07320
      13.47610          1.09450
      13.52620          1.11660
      13.57630          1.13940
      13.62640          1.16300
      13.67650          1.18720
      13.72660          1.21190
      13.77660          1.23730
      13.82670          1.26320
      13.87680          1.28950
      13.92690          1.31620
      13.97700          1.34340
      14.02710          1.37080
      14.07720          1.39850
      14.12730          1.42650
      14.17740          1.45470
      14.22750          1.48300
      14.27760          1.51130
      14.32770          1.53980
      14.37780          1.56820
      14.42790          1.59670
      14.47800          1.62500
      14.52810          1.65320
      14.57820          1.68120
      14.62830          1.70890
      14.67840          1.73640
      14.72850          1.76360
      14.77860          1.79040
      14.82870          1.81680
      14.87880          1.84280
      14.92890          1.86820
      14.97900          1.89310
      15.02910          1.91740
      15.07920          1.94110
      15.12930          1.96400
      15.17940          1.98630
      15.22950          2.00770
      15.27960          2.02830
      15.32970          2.04810
      15.37970          2.06690
      15.42980          2.08470
      15.47990          2.10160
      15.53000          2.11740
      15.58010          2.13220
      15.63020          2.14590
      15.68030          2.15870
      15.73040          2.17050
      15.78050          2.18130
      15.83060          2.19120
      15.88070          2.20020
      15.93080          2.20830
      15.98090          2.21550
      16.03100          2.22190
      16.08110          2.22750
      16.13120          2.23220
      16.18130          2.23610
      16.23140          2.23930
      16.28150          2.24170
      16.33160          2.24340
      16.38170          2.24440
      16.43180          2.24470
      16.48190          2.24430
      16.53200          2.24330
      16.58210          2.24160
      16.63220          2.23930
      16.68230          2.23640
      16.73240          2.23300
      16.78250          2.22900
      16.83260          2.22450
      16.88270          2.21950
      16.93280          2.21390
      16.98280          2.20790
      17.03290          2.20150
      17.08300          2.19460
      17.13310          2.18730
      17.18320          2.17970
      17.23330          2.17160
      17.28340          2.16320
      17.33350          2.15450
      17.38360          2.14550
      17.43370          2.13620
      17.48380          2.12660
      17.53390          2.11670
      17.58400          2.10670
      17.63410          2.09640
      17.68420          2.08590
      17.73430          2.07530
      17.78440          2.06450
      17.83450          2.05360
      17.88460          2.04260
      17.93470          2.03150
      17.98480          2.02030
      18.03490          2.00900
      18.08500          1.99780
      18.13510          1.98650
      18.18520          1.97520
      18.23530          1.96390
      18.28540          1.95270
      18.33550          1.94140
      18.38560          1.93010
      18.43570          1.91890
      18.48580          1.90770
      18.53590          1.89640
      18.58600          1.88530
      18.63600          1.87410
      18.68610          1.86300
      18.73620          1.85200
      18.78630          1.84100
      18.83640          1.83000
      18.88650          1.81910
      18.93660          1.80830
      18.98670          1.79750
      19.03680          1.78680
      19.08690          1.77610
      19.13700          1.76560
      19.18710          1.75510
      19.23720          1.74470
      19.28730          1.73440
      19.33740          1.72420
      19.38750          1.71410
      19.43760          1.70410
      19.48770          1.69420
      19.53780          1.68440
      19.58790          1.67480
      19.63800          1.66520
      19.68810          1.65580
      19.73820          1.64650
      19.78830          1.63740
      19.83840          1.62840
      19.88850          1.61950
      19.93860          1.61080
      19.98870          1.60230
      20.03880          1.59390
      20.08890          1.58560
      20.13900          1.57760
      20.18910          1.56970
      20.23910          1.56200
      20.28920          1.55440
      20.33930          1.54710
      20.38940          1.53990
      20.43950          1.53290
      20.48960          1.52620
      20.53970          1.51960
      20.58980          1.51320
      20.63990          1.50710
      20.69000          1.50110
      20.74010          1.49540
      20.79020          1.48990
      20.84030          1.48470
      20.89040          1.47960
      20.94050          1.47470
      20.99060          1.47010
      21.04070          1.46560
      21.09080          1.46130
      21.14090          1.45720
      21.19100          1.45330
      21.24110          1.44960
      21.29120          1.44610
      21.34130          1.44270
      21.39140          1.43950
      21.44150          1.43650
      21.49160          1.43360
      21.54170          1.43080
      21.59180          1.42830
      21.64190          1.42580
      21.69200          1.42350
      21.74210          1.42140
      21.79220          1.41940
      21.84220          1.41750
      21.89230          1.41570
      21.94240          1.41410
      21.99250          1.41250
      22.04260          1.41110
      22.09270          1.40980
      22.14280          1.40860
      22.19290          1.40750
      22.24300          1.40650
      22.29310          1.40560
      22.34320          1.40480
      22.39330          1.40400
      22.44340          1.40340
      22.49350          1.40280
      22.54360          1.40230
      22.59370          1.40180
      22.64380          1.40140
      22.69390          1.40110
      22.74400          1.40080
      22.79410          1.40050
      22.84420          1.40040
      22.89430          1.40020
      22.94440          1.40010
      22.99450          1.40000
      23.04460          1.40000
      23.09470          1.39990
      23.14480          1.39990
      23.19490          1.39990
      23.24500          1.40000
      23.29510          1.40000
      23.34520          1.40000
      23.39530          1.40000
      23.44530          1.40000
      23.49540          1.40010
      23.54550          1.40010
      23.59560          1.40000
      23.64570          1.40000
      23.69580          1.39990
      23.74590          1.39980
      23.79600          1.39970
      23.84610          1.39950
      23.89620          1.39930
      23.94630          1.39900
      23.99640          1.39870
      24.04650          1.39830
      24.09660          1.39780
      24.14670          1.39730
      24.19680          1.39670
      24.24690          1.39610
      24.29700          1.39540
      24.34710          1.39460
      24.39720          1.39370
      24.44730          1.39270
      24.49740          1.39160
      24.54750          1.39040
      24.59760          1.38910
      24.64770          1.38770
      24.69780          1.38620
      24.74790          1.38460
      24.79800          1.38290
      24.84810          1.38100
      24.89820          1.37900
      24.94830          1.37690
      24.99840          1.37460
      25.04850          1.37220
      25.09850          1.36970
      25.14860          1.36700
      25.19870          1.36410
      25.24880          1.36110
      25.29890          1.35790
      25.34900          1.35460
      25.39910          1.35110
      25.44920          1.34740
      25.49930          1.34350
      25.54940          1.33950
      25.59950          1.33520
      25.64960          1.33080
      25.69970          1.32620
      25.74980          1.32140
      25.79990          1.31630
      25.85000          1.31110
       0.00000     -99999.00000	: end of interface 4
       0.00000          3.00000
       0.05010          3.00000
       0.10020          3.00000
       0.15030          3.00000
       0.20040          3.00000
       0.25050          3.00000
       0.30060          3.00000
       0.35070          3.00000
       0.40080          3.00000
       0.45090          3.00000
       0.50100          3.00000
       0.55110          3.00000
       0.60120          3.00000
       0.65130          3.00000
       0.70140          3.00000
       0.75150          3.00000
       0.80160          3.00000
       0.85160          3.00000
       0.90170          3.00000
       0.95180          3.00000
       1.00190          3.00000
       1.05200          3.00000
       1.10210          3.00000
       1.15220          3.00000
       1.20230          3.00000
       1.25240          3.00000
       1.30250          3.00000
       1.35260          3.00000
       1.40270          3.00000
       1.45280          3.00000
       1.50290          3.00000
       1.55300          3.00000
       1.60310          3.00000
       1.65320          3.00000
       1.70330          3.00000
       1.75340          3.00000
       1.80350          3.00000
       1.85360          3.00000
       1.90370          3.00000
       1.95380          3.00000
       2.00390          3.00000
       2.05400          3.00000
       2.10410          3.00000
       2.15420          3.00000
       2.20430          3.00000
       2.25440          3.00000
       2.30450          3.00000
       2.35460          3.00000
       2.40470          3.00000
       2.45470          3.00000
       2.50480          3.00000
       2.55490          3.00000
       2.60500          3.00000
       2.65510          3.00000
       2.70520          3.00000
       2.75530          3.00000
       2.80540          3.00000
       2.85550          3.00000
       2.90560          3.00000
       2.95570          3.00000
       3.00580          3.00000
       3.05590          3.00000
       3.10600          3.00000
       3.15610          3.00000
       3.20620          3.00000
       3.25630          3.00000
       3.30640          3.00000
       3.35650          3.00000
       3.40660          3.00000
       3.45670          3.00000
       3.50680          3.00000
       3.55690          3.00000
       3.60700          3.00000
       3.65710          3.00000
       3.70720          3.00000
       3.75730          3.00000
       3.80740          3.00000
       3.85750          3.00000
       3.90760          3.00000
       3.95770          3.00000
       4.00780          3.00000
       4.05780          3.00000
       4.10790          3.00000
       4.15800          3.00000
       4.20810          3.00000
       4.25820          3.00000
       4.30830          3.00000
       4.35840          3.00000
       4.40850          3.00000
       4.45860          3.00000
       4.50870          3.00000
       4.55880          3.00000
       4.60890          3.00000
       4.65900          3.00000
       4.70910          3.00000
       4.75920          3.00000
       4.80930          3.00000
       4.85940          3.00000
       4.90950          3.00000
       4.95960          3.00000
       5.00970          3.00000
       5.05980          3.00000
       5.10990          3.00000
       5.16000          3.00000
       5.21010          3.00000
       5.26020          3.00000
       5.31030          3.00000
       5.36040          3.00000
       5.41050          3.00000
       5.46060          3.00000
       5.51070          3.00000
       5.56080          3.00000
       5.61090          3.00000
       5.66090          3.00000
       5.71100          3.00000
       5.76110          3.00000
       5.81120          3.00000
       5.86130          3.00000
       5.91140          3.00000
       5.96150          3.00000
       6.01160          3.00000
       6.06170          3.00000
       6.11180          3.00000
       6.16190          3.00000
       6.21200          3.00000
       6.26210          3.00000
       6.31220          3.00000
       6.36230          3.00000
       6.41240          3.00000
       6.46250          3.00000
       6.51260          3.00000
       6.56270          3.00000
       6.61280          3.00000
       6.66290          3.00000
       6.71300          3.00000
       6.76310          3.00000
       6.81320          3.00000
       6.86330          3.00000
       6.91340          3.00000
       6.96350          3.00000
       7.01360          3.00000
       7.06370          3.00000
       7.11380          3.00000
       7.16390          3.00000
       7.21400          3.00000
       7.26410          3.00000
       7.31410          3.00000
       7.36420          3.00000
       7.41430          3.00000
       7.46440          3.00000
       7.51450          3.00000
       7.56460          3.00000
       7.61470          3.00000
       7.66480          3.00000
       7.71490          3.00000
       7.76500          3.00000
       7.81510          3.00000
       7.86520          3.00000
       7.91530          3.00000
       7.96540          3.00000
       8.01550          3.00000
       8.06560          3.00000
       8.11570          3.00000
       8.16580          3.00000
       8.21590          3.00000
       8.26600          3.00000
       8.31610          3.00000
       8.36620          3.00000
       8.41630          3.00000
       8.46640          3.00000
       8.51650          3.00000
       8.56660          3.00000
       8.61670          3.00000
       8.66680          3.00000
       8.71690          3.00000
       8.76700          3.00000
       8.81710          3.00000
       8.86720          3.00000
       8.91720          3.00000
       8.96730          3.00000
       9.01740          3.00000
       9.06750          3.00000
       9.11760          3.00000
       9.16770          3.00000
       9.21780          3.00000
       9.26790          3.00000
       9.31800          3.00000
       9.36810          3.00000
       9.41820          3.00000
       9.46830          3.00000
       9.51840          3.00000
       9.56850          3.00000
       9.61860          3.00000
       9.66870          3.00000
       9.71880          3.00000
       9.76890          3.00000
       9.81900          3.00000
       9.86910          3.00000
       9.91920          3.00000
       9.96930          3.00000
      10.01940          3.00000
      10.06950          3.00000
      10.11960          3.00000
      10.16970          3.00000
      10.21980          3.00000
      10.26990          3.00000
      10.32000          3.00000
      10.37010          3.00000
      10.42020          3.00000
      10.47030          3.00000
      10.52030          3.00000
      10.57040          3.00000
      10.62050          3.00000
      10.67060          3.00000
      10.72070          3.00000
      10.77080          3.00000
      10.82090          3.00000
      10.87100          3.00000
      10.92110          3.00000
      10.97120          3.00000
      11.02130          3.00000
      11.07140          3.00000
      11.12150          3.00000
      11.17160          3.00000
      11.22170          3.00000
      11.27180          3.00000
      11.32190          3.00000
      11.37200          3.00000
      11.42210          3.00000
      11.47220          3.00000
      11.52230          3.00000
      11.57240          3.00000
      11.62250          3.00000
      11.67260          3.00000
      11.72270          3.00000
      11.77280          3.00000
      11.82290          3.00000
      11.87300          3.00000
      11.92310          3.00000
      11.97320          3.00000
      12.02330          3.00000
      12.07340          3.00000
      12.12350          3.00000
      12.17350          3.00000
      12.22360          3.00000
      12.27370          3.00000
      12.32380          3.00000
      12.37390          3.00000
      12.42400          3.00000
      12.47410          3.00000
      12.52420          3.00000
      12.57430          3.00000
      12.62440          3.00000
      12.67450          3.00000
      12.72460          3.00000
      12.77470          3.00000
      12.82480          3.00000
      12.87490          3.00000
      12.92500          3.00000
      12.97510          3.00000
      13.02520          3.00000
      13.07530          3.00000
      13.12540          3.00000
      13.17550          3.00000
      13.22560          3.00000
      13.27570          3.00000
      13.32580          3.00000
      13.37590          3.00000
      13.42600          3.00000
      13.47610          3.00000
      13.52620          3.00000
      13.57630          3.00000
      13.62640          3.00000
      13.67650          3.00000
      13.72660          3.00000
      13.77660          3.00000
      13.82670          3.00000
      13.87680          3.00000
      13.92690          3.00000
      13.97700          3.00000
      14.02710          3.00000
      14.07720          3.00000
      14.12730          3.00000
      14.17740          3.00000
      14.22750          3.00000
      14.27760          3.00000
      14.32770          3.00000
      14.37780          3.00000
      14.42790          3.00000
      14.47800          3.00000
      14.52810          3.00000
      14.57820          3.00000
      14.62830          3.00000
      14.67840          3.00000
      14.72850          3.00000
      14.77860          3.00000
      14.82870          3.00000
      14.87880          3.00000
      14.92890          3.00000
      14.97900          3.00000
      15.02910          3.00000
      15.07920          3.00000
      15.12930          3.00000
      15.17940          3.00000
      15.22950          3.00000
      15.27960          3.00000
      15.32970          3.00000
      15.37970          3.00000
      15.42980          3.00000
      15.47990          3.00000
      15.53000          3.00000
      15.58010          3.00000
      15.63020          3.00000
      15.68030          3.00000
      15.73040          3.00000
      15.78050          3.00000
      15.83060          3.00000
      15.88070          3.00000
      15.93080          3.00000
      15.98090          3.00000
      16.03100          3.00000
      16.08110          3.00000
      16.13120          3.00000
      16.18130          3.00000
      16.23140          3.00000
      16.28150          3.00000
      16.33160          3.00000
      16.38170          3.00000
      16.43180          3.00000
      16.48190          3.00000
      16.53200          3.00000
      16.58210          3.00000
      16.63220          3.00000
      16.68230          3.00000
      16.73240          3.00000
      16.78250          3.00000
      16.83260          3.00000
      16.88270          3.00000
      16.93280          3.00000
      16.98280          3.00000
      17.03290          3.00000
      17.08300          3.00000
      17.13310          3.00000
      17.18320          3.00000
      17.23330          3.00000
      17.28340          3.00000
      17.33350          3.00000
      17.38360          3.00000
      17.43370          3.00000
      17.48380          3.00000
      17.53390          3.00000
      17.58400          3.00000
      17.63410          3.00000
      17.68420          3.00000
      17.73430          3.00000
      17.78440          3.00000
      17.83450          3.00000
      17.88460          3.00000
      17.93470          3.00000
      17.98480          3.00000
      18.03490          3.00000
      18.08500          3.00000
      18.13510          3.00000
      18.18520          3.00000
      18.23530          3.00000
      18.28540          3.00000
      18.33550          3.00000
      18.38560          3.00000
      18.43570          3.00000
      18.48580          3.00000
      18.53590          3.00000
      18.58600          3.00000
      18.63600          3.00000
      18.68610          3.00000
      18.73620          3.00000
      18.78630          3.00000
      18.83640          3.00000
      18.88650          3.00000
      18.93660          3.00000
      18.98670          3.00000
      19.03680          3.00000
      19.08690          3.00000
      19.13700          3.00000
      19.18710          3.00000
      19.23720          3.00000
      19.28730          3.00000
      19.33740          3.00000
      19.38750          3.00000
      19.43760          3.00000
      19.48770          3.00000
      19.53780          3.00000
      19.58790          3.00000
      19.63800          3.00000
      19.68810          3.00000
      19.73820          3.00000
      19.78830          3.00000
      19.83840          3.00000
      19.88850          3.00000
      19.93860          3.00000
      19.98870          3.00000
      20.03880          3.00000
      20.08890          3.00000
      20.13900          3.00000
      20.18910          3.00000
      20.23910          3.00000
      20.28920          3.00000
      20.33930          3.00000
      20.38940          3.00000
      20.43950          3.00000
      20.48960          3.00000
      20.53970          3.00000
      20.58980          3.00000
      20.63990          3.00000
      20.69000          3.00000
      20.74010          3.00000
      20.79020          3.00000
      20.84030          3.00000
      20.89040          3.00000
      20.94050          3.00000
      20.99060          3.00000
      21.04070          3.00000
      21.09080          3.00000
      21.14090          3.00000
      21.19100          3.00000
      21.24110          3.00000
      21.29120          3.00000
      21.34130          3.00000
      21.39140          3.00000
      21.44150          3.00000
      21.49160          3.00000
      21.54170          3.00000
      21.59180          3.00000
      21.64190          3.00000
      21.69200          3.00000
      21.74210          3.00000
      21.79220          3.00000
      21.84220          3.00000
      21.89230          3.00000
      21.94240          3.00000
      21.99250          3.00000
      22.04260          3.00000
      22.09270          3.00000
      22.14280          3.00000
      22.19290          3.00000
      22.24300          3.00000
      22.29310          3.00000
      22.34320          3.00000
      22.39330          3.00000
      22.44340          3.00000
      22.49350          3.00000
      22.54360          3.00000
      22.59370          3.00000
      22.64380          3.00000
      22.69390          3.00000
      22.74400          3.00000
      22.79410          3.00000
      22.84420          3.00000
      22.89430          3.00000
      22.94440          3.00000
      22.99450          3.00000
      23.04460          3.00000
      23.09470          3.00000
      23.14480          3.00000
      23.19490          3.00000
      23.24500          3.00000
      23.29510          3.00000
      23.34520          3.00000
      23.39530          3.00000
      23.44530          3.00000
      23.49540          3.00000
      23.54550          3.00000
      23.59560          3.00000
      23.64570          3.00000
      23.69580          3.00000
      23.74590          3.00000
      23.79600          3.00000
      23.84610          3.00000
      23.89620          3.00000
      23.94630          3.00000
      23.99640          3.00000
      24.04650          3.00000
      24.09660          3.00000
      24.14670          3.00000
      24.19680          3.00000
      24.24690          3.00000
      24.29700          3.00000
      24.34710          3.00000
      24.39720          3.00000
      24.44730          3.00000
      24.49740          3.00000
      24.54750          3.00000
      24.59760          3.00000
      24.64770          3.00000
      24.69780          3.00000
      24.74790          3.00000
      24.79800          3.00000
      24.84810          3.00000
      24.89820          3.00000
      24.94830          3.00000
      24.99840          3.00000
      25.04850          3.00000
      25.09850          3.00000
      25.14860          3.00000
      25.19870          3.00000
      25.24880          3.00000
      25.29890          3.00000
      25.34900          3.00000
      25.39910          3.00000
      25.44920          3.00000
      25.49930          3.00000
      25.54940          3.00000
      25.59950          3.00000
      25.64960          3.00000
      25.69970          3.00000
      25.74980          3.00000
      25.79990          3.00000
      25.85000          3.00000
       0.00000     -99999.00000	: end of interface 5
